1206092.751
1348915.825
2173200.759
517118.5437
2938056.691
2043434.249
813827.456
4230277.517
429441.2275
5310771.9
2105337.524
8158211.534
954491.447
3375507.498
6772093.678
3051700.022
6407562.912
3449440.625
9529646.066
9742177.06
21337456.88
15108183.78
28526787
30731043.62
9465886.875
16598713.5
17667770.71
10137883.83
24112587.64
9750629.967
7109505.829
3248609.05
9642025.12
10297629.42
2103682.149
2797850.216
3113915.535
2538895.212
818734.065
2722441.6
7339966.95
6803929.872
3144556.358
860747.391
1876004.19
779442.8125
9714068.226
4492672.991
4571517.66
5115546.095
3120555.75
5225816.736
3355722.86
1531533.434
2468011.32
758948.7766
2101653.41
4147378.935
4759776.738
875589.454
1302961.334
1128720.356
2036034.864
935028.0256
274252.698
2642284.009
471837.888
2186360.586
2168732.964
1165618.108
2359078.683
644605.7192
2334960.369
1084304.924
1146911.871
1291997.515
942716.1095
976549.2345
856731.9839
6292503.086
356647.968
1648226.716
999339.0609
2871306.822
2455437.914
2079827.719
4910689.602
1734472.389
1933511.04
1007872.67
6524796.758
14459640.09
22181780.64
15231842.91
7864793.286
39187621.53
19979749.2
18763528.08
37478428.35
58711378.97
16426079
56810719.12
22555749.31
13072901.4
40515364.8
38897908.97
10855499.65
4517004.005
9571647.8
5801531.88
11996329.8
23700401.37
20915435.6
10317975.42
10334044.11
4483770.096
6349164.688
12279425.85
18826062.79
10507896
3317735.168
6591101.11
9466292.528
27029485.03
46055404.7
12629318.39
19683088.04
12599747.12
28862469.42
8103483.88
18874058.24
13570695.99
8456225.397
4313170.397
2090545.828
4331268.8
7669603.725
4709236.105
17766055.78
9510860.258
12067476.32
2459524.12
3539452.724
4624978.554
17021803.81
5372537.418
4176593.849
3993448.305
3607646.856
4861252.668
3269631.2
3441714.012
4082047.58
2031951.625
2454588.806
1116943.459
3521976.462
2968812.746
11364807.7
13980467.75
13311959.4
7112332.182
1707138.925
6450427.865
9358300.265
3965892.8
4253524.573
3115477.885
2689215.08
1005979.233
3432108.833
1153436.45
1672213.48
3827432.64
2372823.413
3076388.994
918987.63
2498800.438
2146515.226
2393816.75
7133219.166
3102683.815
2590252.103
1891342.721
14029610.31
6616986.832
8730383.9
7882218.512
2881655.525
3601875.514
5403358.377
2251445.56
1332257.857
4312800.721
2895656.62
2918242.006
9378125.298
5718501.561
6001795.802
2177480.976
5593043.014
7318369.379
22795539.52
17386292.13
5406042.432
7556518.991
2762915.48
3068666.74
5618226.601
3328191.757
4881499.194
2717870.825
5183009.827
1291511.905
2780715.305
8710699.474
9453830.236
5841267.137
2920028.426
4775090.115
2726903.589
2491715.59
3282769.52
3770700.191
5776249.152
2328483.684
7564472.136
3771988.147
2588032.082
2110273.144
2170830.914
991953.7176
11109155.73
9296662.221
8115245.572
13066868.94
7250849.59
2815608.266
5933243.915
7333970.802
6634468.27
4165894.705
3988923.993
2428824.938
4280748.31
1545266.869
6828681.775
3049793.331
731873.9725
1237085.051
5551101.683
4966115.186
3126380.296
1221588.5
1989294.824
1555762.956
1833379.722
1489959.87
2315865.874
2090932.531
1621283.681
1535267.895
690291.8774
1525083.357
2724945.68
3104225.607
2467237.5
1313111.833
2567616.608
1204729.491
2108340.416
1547771.545
1783949.29
2614622.595
841557.2094
2179359.928
795921.5691
1288756.846
2491546.068
1324211.34
1183233.243
996462.0596
1299861.514
623127.8042
2077600.98
1351595.504
2474934.36
2774658.029
473743.718
1610305.604
1783480.468
5228101.593
2343369.94
5377393.809
3742801.44
6985899.888
2815364.979
2590637.86
2488902.68
4577494.12
4311794.378
2343295.688
1281691.853
1841426.72
2691512.613
2274318.881
2128338.843
2217899.157
3720105.208
2915321.211
5409804.072
3557779.294
5452898.779
4818819.123
5566863.667
4940577.699
4512413.7
4148975.297
2585884.793
4455143.05
5305732.873
4200623.236
4844212.798
3564285.024
5776768.107
4258224.398
6466622.629
9118255.68
4389432.475
8290061.385
8441415.976
9523730.459
8919365.481
31163707.43
17548684.19
9695175.477
12835814.56
8867123.583
9056533.38
1657233.86
2763927.08
4787408.7
6823690.035
4409145.995
5678050.38
8971415.34
13096215.8
8341525.236
5971185.99
8309217.945
4626576
2936051.331
3319566.161
1287045.55
1677504.078
4677703.973
3582603.575
1903928.829
3204406.656
10593189.91
2976583.962
2599020.511
5113886.105
2701707.572
5209435.44
1082358.75
3787559.312
2713128.134
3399915.2
2110655.688
2559334.983
2363228.63
1493821.132
2421748.875
6594012.973
2301767.077
2516555.525
1852141.869
1558879.435
1060913.158
2067894.716
522917.8752
2467410.471
1558131.763
1459218.348
1347766.533
741403.575
1661294.885
795354.4586
1653545.272
2462251.506
2590337.625
3942954.25
538938.63
1482396.168
922396.0998
2588829.54
1292090.163
1427548.52
2591780.909
1028462.078
1645517.51
6618263.814
6420111.863
4962277.41
2590286.686
2166874.901
9494228.639
4007337.409
4438797.321
21974290.21
10751720
5574406.09
5019136.608
4817101.131
2399003.331
4006561.526
2846618.325
2142395.504
2028219.074
1667556.32
944103.9448
1748153.599
467480.8008
11515126.11
2754594.202
1885946.789
1488764.265
2730947.824
2345756.132
1404742.322
2443582.705
1900372.196
1333109.475
1629719.65
2386266.845
2769704.936
948942.5085
2112952.427
1586068.042
1507194.325
1382424.16
650995.4232
1341833.201
894828.204
1793810.089
2480451.31
1411407.409
1509943.991
824156.2854
2796925.727
2842323.413
3991981.368
2462999.924
3245201.889
8276087.961
1637884.82
7017410.01
1974698.995
4100191.122
3199118.274
2958595.544
2972537.33
2508383.094
4637396.952
2127831.774
5132222.071
2203083.496
2197479.434
2363198.58
1986896.331
7825180.196
5393160.608
6692540.341
10303871.59
8324525.772
36041021.23
8183329.337
28015965.74
5423872.051
11126738.06
5933570.218
3210327.312
4725016.234
1219424.714
6847946.828
5977596.746
5657035.661
10764385.16
4552916.952
6172255.776
2386315.596
13221162.2
7174328.52
8993970.456
9709655.67
5472869.325
9159399.673
7110415.64
4909138.08
20683899.58
12365630.34
14801847.56
9014906.701
8954743.434
8283501.7
6324972.712
3218963.16
4252905.183
10502646.79
4149184.111
7401082.154
3232723.227
11210449.51
5235290.85
12982815.39
23708416.5
31765892.65
26974512.67
8581202
31802940.1
24757265.57
31598452.93
64580050.77
27788568.29
44285186.97
22289105.37
45523077.33
27858066.25
44052895.26
34208779.42
27543022
29296358.17
25870164.53
31932419.19
21447811.63
25122144.2
23595437.34
40483407.35
19740363.34
48851609.45
38549139.91
36210182.13
54707494.2
39186953.7
31819215.36
22268580.3
19262002.55
47694722.42
47778543.11
106742514.5
444138488.2
289961249.8
243781229.5
122880681.1
225853164.2
516978170.6
513071150.7
559278215.7
274429793.1
790068008.2
239259978.2
257063837.1
188450162.4
179435745.2
274136475.9
241311075.6
205725059.2
251605409.6
295127991.4
337135010.2
330582864.7
697705154.7
704517582.7
475131131.5
938648249.3
753929800.4
655029352.6
598849173.4
1287567383
1418267494
1311892193
628384809.4
550836992.3
808031942.2
996705854.7
1740537526
1369623771
4956849516
2382377789
1705817592
1363500363
1981230495
1758482733
988326041.1
1607020051
1000379553
1059922924
906109684.6
1116810955
946314221.6
787732867
1934446829
1175503833
1076890874
873498645.6
1445440049
2491149104
2089572991
1400664131
858240549
1138250927
1215318036
1482868607
1286052866
1102352167
877677223.9
642906304.5
1677040470
897354070.9
1112391454
973873396
1353859594
946210970.4
579084803.9
589107762.5
828105595.7
841607108.5
513594758.6
836397533.3
1477855675
529840058.9
547100495.4
750430994.9
1227082385
622772523.2
512078867.5
826646057.1
531232089.9
565867529.9
695724449.4
643573959.1
447479924.3
371715199.5
731051376.7
279306859.8
378650506.2
307593603.4
379726332.7
245102804.1
459832204.9
603633809.8
184473224.3
302034265.9
289224701.2
326673797.5
514392178.5
406984481.1
368324017.1
220696037.4
275030732
164361051.4
761941225
523947504.4
705993833.7
569963389.6
244581855.4
561036987.7
485518589.8
508615426.2
589620096.6
466729007.1
395312232.8
242872344.6
758373447.5
282579594.6
511091113.9
371447313.7
347423826.6
771294810.4
277073175.1
310389619.8
162919518.6
286102549.1
562369970.2
331869673.6
346892752
218012664.3
303440379.4
161983068.4
193623568.4
215730649.6
1178100920
296802022.6
134160567.1
230782191.8
141089199.1
237445610
191863094.4
161192819.4
268942797.6
149652633.4
1068777740
187745032.5
1455657698
489895164.6
784661844.5
564041239
314509624.5
412960592.4
501085554.6
306997665.7
406362868.6
501899316
938950259.7
363146370.6
332210350.9
273159528
241928399.2
293647134.8
314915700.8
465176834.1
170721560.3
237255849.8
205575557
209940367.5
184223340.9
219370864
112849977.6
80969399.13
143900701.5
106699453.5
163866857.1
120798170.1
429150386.5
196426384.2
400105758.7
226984139.5
120293269.6
278485172.5
317288682.5
116557011.3
168146954.6
105693358.7
147543802.3
57296676.79
77182620.04
168998311.2
178833230.7
476408009.6
382675686
368160408.2
106569784.7
205894131.2
186470171.5
268620376.4
346365600.4
104885492.5
51098585.51
120664799.3
147447099.5
169471566.4
459019962.2
295196717.9
293462035.9
162680990.6
62381654.19
134279873.7
174940725.8
189061316.6
155472100.7
75192236.29
170534084.4
110733186.6
91483265.55
134167792.4
90826286.85
423175771.1
172764921.6
273546634
85554897.96
364111378.8
223317773.9
334140371.6
400333481
149533508.5
207985687
196200932.7
115667921.7
194052551.7
360876818.6
211151931.5
104661395.1
280655886.5
91003712.31
122315070.3
122936632.7
189624308.4
157535719.8
45179221.48
196753395.6
65192692.24
109189912.1
95214496.61
107174306.4
157389488.4
59501805.67
269030045.2
99366389.5
170270297.4
92819801.41
144876046.2
113137559.6
65962338.32
117969721.4
53229503.88
89353651.52
333681035.1
233830897.4
160663136.9
47020646.32
78710164.83
40216982.81
84092098.49
102346506.7
98039358.97
152565570.4
88831996.03
220499983
78337203.77
50091304.5
77922849.95
108414489.5
75073234.65
35264356.59
208624105.2
25368503.34
76336714.46
71840951.38
61748083.66
68282971.9
48177558.29
224003807.4
75103205.5
322001233.9
172392198.5
78615695.32
140040083.6
90541442.51
132156743.7
36660829.43
90649388.57
87939405.49
155424327.7
198094127.1
85454123.71
186474102
34324865.79
114160526.8
123840827.8
111268001.4
122314466.7
149933311.5
130840913.4
158994389.6
222784693
382708757.2
284307011
97401178.96
103365161.6
168238042.7
95099723
180411336
170978168.4
170118314.5
256066115.1
64645648.47
102205556
50386100.44
102426644
209464777.2
186639007.4
500733651.2
536864808.3
235919563.6
116707143.6
228306109.2
137706362.8
151521072.3
193513827.7
99233158.44
128440438.9
74040583.55
153220784.2
132333533.7
244968165
74041735.81
36882860.07
178365905.8
92221683.83
63158022.98
57803290.99
113743420
98869845.96
42610639.38
83393685.66
29934693.31
114760459.1
128787740.3
569642411.6
201165672.4
289592847.8
182136390.2
86008564.67
249861736.8
131449767
253521339.7
96746302.16
39027595.4
104337127.4
48056174.59
176627448.5
310980390.2
153205856.5
147055601.3
81937985.72
154480376.6
54811966.39
99403513.65
129716552.9
109557462.4
183013787.4
31512003.1
102699834.1
97927463.15
117568933.3
109053461.6
139587584.3
234841376.8
111062981.4
310741338.2
194274881.3
213888432.3
418654253.5
392305674.1
478495947.4
97292561.75
633847834.6
256287553.7
523228040.5
334361872.1
570429939.2
269817738.9
119935507.5
377966775.2
175018094.7
288887515.2
465956413.3
647260163.4
344759537.1
822241572.2
751041811
1393906626
1026923832
1794260807
3039065356
988940894.5
650030053.9
913461956.8
414697183.1
782611741.2
2130003473
555827113.9
833075414.8
507510700.4
854939011.7
410208224.1
899200170.7
1203321962
1925933019
915917915.7
724061272.7
806146031.4
314191307.9
757075750.4
701008587.8
1029700471
769968936.6
493777972.2
930278334.3
417333165
505528990.8
484719745.7
401549573.2
475807458.1
315279095.9
1004822806
444839749
971129684.1
1413848471
848207062.8
579652972.7
286521389
775797222.6
523002028.1
546570032.5
573671658.7
1365356635
1507671103
1106858419
676198904.2
458364767.2
465003628.5
501492074.3
468061636.3
619830807.7
496421300.4
527484731.5
344470416.4
1181870045
487441486.4
355900532.5
324116506
130884160.1
205349507.1
179503025
196978689.7
223188595.1
227653989.4
205069638.9
213671233.6
648707028.1
231216114.8
357077322.3
458571279.2
673221003.8
364203587.1
238769871.1
318619549.5
293309782.2
329218454.4
314537378.7
243698081.6
333198224.2
205763894.3
440223166.1
133023638.2
260550303.6
233662731
605141090.3
369977052.8
231309916.7
221224597.1
184243787.8
437607953.3
375062388.4
350997309.9
339375043.3
271015043
650092516.5
191872031.9
379278445.2
563700561.9
412970758.8
282279127.5
216409013.2
829053692.5
168246880.6
831553555.7
479879941.5
494762556.3
289094884.2
252736299.4
479668944.2
1243669816
308543486.2
337628656.5
503961475.6
273509536.5
192533517.7
211733671.3
123194900.1
358069054
313877726.4
200401831
393637882.3