1170059
1430992
1744417
1590984
1406795
1343519
1154440
1408422
1655179
1803309
1826144
1450666
1193835
1201247
1232995
1290481
1878033
1345849
1298421
1053698
1123560
1439631
1757608
1812454
1855929
1382709
1488481
1400009
1498808
1888854
1868496
1663995
1384881
1385595
1507545
1725724
2139579
1955101
1936761
1626393
1733799
1630391
1792892
1990072
2022028
1933682
1851350
1596863
1771268
1916756
2116224
2309884
2048899
1827396
1944234
1695767
2051661
2137700
2146223
1928262
1650493
1721007
1512611
1444257
1934350
1545537
1797220
1583713
1343514
1332122
1395240
1974298
1568040
2031894
1791481
1770133
1974590
1821629
1859539
2193466
1912697
1839996
1833138
2010951
1827310
1919896
1969509
1967578
1832545
1690914
1653269
1675779
2302086
1918739
1904020
1587969
1494046
1520240
1337135
1675224
1970528
1467611
1881059
1873837
1671011
1818793
2140465
2004886
1845354
1701006
1634272
1484630
1626437
1785889
1742559
1607551
1503560
1386936
1314380
1266058
1546164
1772955
1561062
1318451
1269152
1238898
1160138
1473444
1423126
1453174
1150428
1150455
1131572
1222362
1370239
1444382
1305768
1055928
1034354
1100768
1074271
1329098
1247307
1182695
1114421
1085144
950483
1106595
1299743
1275712
1225426
1081509
954557
937566
1026748
1126528
1216123
1016972
976422
992038
991825
932751
1136490
1156284
1010190
1013367
917213
750351
994272
1169942
1094695
990095
839956
852734
821093
792700
1020760
937575
821385
751002
546859
670866
764565
993565
1089037
909820
796145
796530
680649
823352
947087
938465
857577
772668
743872
714951
725718
908182
915434
864210
832115
771994
702582
785200
893080
990725
954412
813796
845183
741379
803537
789814
890426
848687
816864
806693
712084
790665
817592
988464
887682
908697
842394
768987
859179
882389
1007671
930658
900463
833566
737207
789513
869668
943532
948000
913964
835275
764696
796940
836027
912598
846548
780578
742033
650829
620599
688460
796290
772899
731673
712260
661374
611620
723493
737868
712795
618161
671798
499255
504684
610669
664037
562275
563106
500028
447146
474952
545415
622991
484776
484086
454671
405398
437205
557957
621384
497795
505613
450312
419554
429140
484206
507264
494858
415923
315659
408751
390719
444574
451428
499343
449396
422660
348667
351921
394424
406415
388786
346215
340824
374214
274264
323895
312980
329708
293617
279781
236185
239746
272341
285664
275235
257142
216600
194555
205595
275824
246096
217920
335191
166966
143980
148978
172481
172149
183046
149278
160030
125464
140619
158549
155771
171012
165594
169756
137734
129412
231115
142407
131146
123021